#:t Mx Mv Mxx Mvv Mxv W
#:Mx.tex=r"\left<x\right>"
#:Mv.tex=r"\left<v\right>"
#:Mxx.tex=r"\left<x^2\right>"
#:Mvv.tex=r"\left<v^2\right>"
#:Mxv.tex=r"\left<xv\right>"
#:W.tex=r"\left<W\right>"
0.0 0.0 0.0 0.0 0.0 0.0 0.0
0.1 0.0 -1.81248487202e-07 0.0 0.000404089852967 0.0 0.000202044926483
0.2 -1.81701226397e-08 -6.59246464584e-07 4.06112821659e-06 0.000804981432113 4.04379384495e-05 0.000400460164309
0.3 -8.4349686683e-08 2.67408274712e-05 2.03402961248e-05 0.00121722368946 0.000121945769892 0.000598442005859
0.4 2.59600539916e-06 0.000162407704049 5.7349711538e-05 0.00163155762237 0.000246091562015 0.000787106412076
0.5 1.88903916755e-05 0.000158541868095 0.00012390969855 0.00205680179514 0.000415762526634 0.000966457548579
0.6 3.48787285151e-05 0.000129542336519 0.000229599058519 0.00252350073953 0.000637250088133 0.00114699036504
0.7 4.80398150867e-05 0.00013837262356 0.000385666562585 0.00302850864025 0.000917515574236 0.00132153274578
0.8 6.21518524942e-05 0.000175625002189 0.00060484337003 0.00358346083021 0.00126642413139 0.00148958359692
0.9 8.00686791824e-05 0.000207561431661 0.000902090405549 0.00421034648216 0.00169687128441 0.00165473869975
1.0 0.000101276087219 0.000287718597414 0.00129533349784 0.00490943067411 0.00222101796192 0.00180830674772
1.1 0.000130624048111 0.000294631620554 0.00180512376683 0.00570340469923 0.00285805591565 0.00195158435642
1.2 0.000160809717102 0.000320377614448 0.00245630158969 0.00659679523279 0.00362244627179 0.00207477088375
1.3 0.000193724249148 0.000399592494188 0.00327689717379 0.00766686287673 0.0045586484128 0.00220303168431
1.4 0.000234739590637 0.000395501660654 0.00430492773002 0.00888780700485 0.00567999346527 0.00230532376943
1.5 0.000275542145964 0.000417367229733 0.0055811742194 0.0103620908008 0.0070476644321 0.00241377949257
1.6 0.00031873000696 0.000390832134243 0.00716011721644 0.0120793748798 0.00869401031166 0.00249797867515
1.7 0.000359459284829 0.000395833960919 0.00910309655849 0.0140713164124 0.010663316475 0.00254602466229
1.8 0.000400872626719 0.000298192104032 0.0114811594511 0.016467948015 0.0130482748491 0.00259173160676
1.9 0.000432674189799 0.000382364627086 0.0143858282409 0.0192981599909 0.0159174076256 0.00261024037111
2.0 0.000473031018956 0.000402607949501 0.0179233147278 0.0225960752723 0.0193403365318 0.00257489950796
2.1 0.000515563573866 0.000467270582 0.0222147973495 0.0265225563069 0.023446704018 0.0025190303184
2.2 0.00056471763839 0.00051454872493 0.0274097277863 0.0311070845615 0.0283341480175 0.00240229875655
2.3 0.000618754482763 0.000500347518051 0.0336780524906 0.0364482226506 0.0341312170542 0.00221674548897
2.4 0.000671504480868 0.000473816212767 0.0412169441078 0.0427472119407 0.0410287200132 0.00200333722656
2.5 0.000721690268462 0.000542588137587 0.0502640876201 0.0499965960208 0.0491391374806 0.00169456873644
2.6 0.000778805402208 0.000520936145086 0.0610794856127 0.058360770121 0.0586598201228 0.0013167307761
2.7 0.000833769116124 0.000608085137893 0.0739635560576 0.067855054334 0.0697341753744 0.000828462794032
2.8 0.000897416044527 0.000712064913081 0.0892439640782 0.0785962506759 0.0825496522863 0.000257163811643
2.9 0.000971393656463 0.000810611921874 0.107284323657 0.0905032823666 0.0972123507615 -0.000447260596996
3.0 0.00105511753205 0.000898900614614 0.128464416519 0.10350263408 0.113804873336 -0.00129314190823
3.1 0.00114748260828 0.000952478886518 0.153173768516 0.117467126576 0.132353661725 -0.00227261555147
3.2 0.00124491426724 0.00104488860249 0.181797967355 0.132118074507 0.152764983296 -0.0034053428195
3.3 0.00135122809359 0.00115307255306 0.214691176729 0.14716960508 0.174873906765 -0.00466091175677
3.4 0.0014679577642 0.00117164023457 0.25216010308 0.162037625214 0.198236311074 -0.00610772132635
3.5 0.00158609889328 0.00112738585815 0.294403979552 0.176290142861 0.222391017576 -0.0076926894909
3.6 0.00169932160744 0.00115174507124 0.341512545542 0.189329004467 0.246601578432 -0.0094263831131
3.7 0.00181445724659 0.00108696475648 0.393410462901 0.200614222824 0.269960380889 -0.0112942590367
3.8 0.00192262512432 0.00100192789232 0.44982654323 0.209801256879 0.29156488018 -0.0132247588978
3.9 0.00202191176066 0.00108041455926 0.510300951371 0.216510997138 0.310289278697 -0.0152286610597
4.0 0.00212878672459 0.00104625830666 0.574145556417 0.220673665843 0.325110224612 -0.0172503243252
4.1 0.00223207515965 0.00101786618621 0.640473734028 0.222178967832 0.334894117029 -0.0193598194265
4.2 0.00233246516283 0.00100115446964 0.708184279817 0.221591127379 0.338940338134 -0.0213930998647
4.3 0.00243113417517 0.000871896055937 0.776060577589 0.219182756327 0.336486002003 -0.0234303607472
4.4 0.00251680922167 0.000813954755977 0.842759599247 0.215491366015 0.327228270464 -0.0254837785793
4.5 0.00259664930619 0.000753735768202 0.906909119681 0.211329276793 0.311137738254 -0.0274583781922
4.6 0.00267043137152 0.000707742059306 0.967165866344 0.207150191261 0.288393743007 -0.0294477415112
4.7 0.00273959161042 0.000658439813886 1.02225249171 0.203782178178 0.259824859031 -0.0313266791218
4.8 0.00280380126369 0.000539281238888 1.07108769281 0.20141111042 0.226221987796 -0.0332247516978
4.9 0.00285609442012 0.000403035514721 1.11276700462 0.200488015588 0.188846129468 -0.0350501196922
5.0 0.00289489218531 0.000324024718158 1.14665373603 0.20097334256 0.148644175327 -0.0368730992795
5.1 0.00292611076555 0.000342036630566 1.17230586169 0.202707394454 0.106850608232 -0.0387547860699
5.2 0.00295963392888 0.000509442017299 1.18952719909 0.205637073267 0.0648471634478 -0.0406306889864
5.3 0.00301043156748 0.000541119075106 1.19839238968 0.209287724619 0.0238015559733 -0.0425742730828
5.4 0.00306492990867 0.000504961116371 1.19919537651 0.213390594211 -0.0153186060181 -0.0445214090337
5.5 0.00311642505937 0.000375398334072 1.19240851713 0.217446947833 -0.0518821298962 -0.0465061518739
5.6 0.00315568773679 0.000490729613303 1.17861168142 0.221025927714 -0.085051355048 -0.0485439206206
5.7 0.00320719382811 0.00060401207482 1.15853332347 0.223783553244 -0.114430878453 -0.0506114473399
5.8 0.0032705653061 0.000789899331028 1.13296290045 0.225447346363 -0.139666234356 -0.0526879029444
5.9 0.00335278443188 0.000807679056189 1.10274447092 0.225797506401 -0.160747011451 -0.0547661597508
6.0 0.00343664684345 0.00081944747681 1.06870981666 0.224662621798 -0.177603756284 -0.0568553705435
6.1 0.00352124703715 0.000812239431206 1.03169259561 0.222026630287 -0.190544997395 -0.058932472878
6.2 0.00360439901892 0.000874814615835 0.992456193369 0.218055871489 -0.19986213671 -0.0609172048616
6.3 0.00369273861238 0.000935542018545 0.951701198525 0.212654952295 -0.205588216382 -0.0629009829022
6.4 0.00378575908565 0.000950808398565 0.910115742515 0.206145208636 -0.208244477841 -0.0647790906793
6.5 0.00387873587415 0.000897184287258 0.868283369799 0.198582180624 -0.208045422402 -0.0666015773548
6.6 0.00396479253496 0.000785933653675 0.826743111922 0.190328947085 -0.20542972359 -0.0682778652641
6.7 0.00403828814806 0.000747188590133 0.785948799285 0.181358042528 -0.200629398947 -0.0699196315619
6.8 0.00410665702572 0.000646157937294 0.746307345751 0.172071020496 -0.194011223107 -0.0714298993889
6.9 0.00416394182289 0.000456797612095 0.708156723069 0.16259075592 -0.185862942536 -0.0728486509957
7.0 0.00420157205433 0.000270281474869 0.671779585428 0.153084122905 -0.176272620823 -0.0741950759566
7.1 0.00422000495842 0.0001901093146 0.637443995692 0.143789829541 -0.165555476019 -0.0754507686797
7.2 0.00423003290421 -9.61881476278e-05 0.605358844517 0.134915182289 -0.153894044413 -0.0766063035625
7.3 0.00421123601802 -0.000306358705445 0.575700212889 0.126661356971 -0.141420022936 -0.0776452074996
7.4 0.00417143668046 -0.000497674029744 0.548621503467 0.119042979382 -0.128251088458 -0.0786406513155
7.5 0.00411273514187 -0.000666929527314 0.524254205648 0.112227085224 -0.114379679152 -0.07957690282
7.6 0.00403755581573 -0.000968668448627 0.502734468642 0.106325436688 -0.0998398834939 -0.0804686142296
7.7 0.0039329068842 -0.00103817087131 0.484193560549 0.101436853426 -0.0847556815309 -0.0813100644695
7.8 0.00382226399758 -0.00120830234698 0.46873958799 0.0976860953379 -0.0690710809811 -0.0820854683233
7.9 0.00369577376296 -0.00128709250336 0.456493521182 0.0950025097458 -0.0528616825944 -0.0828637465571
8.0 0.0035627178517 -0.00143201106388 0.447560087511 0.0934271356268 -0.0360996962588 -0.0836325109241
8.1 0.00341661550369 -0.00155022748503 0.442049264005 0.0930301428198 -0.0187471563807 -0.0843652452349
8.2 0.00326023458259 -0.00154209288199 0.440077916722 0.0937233792471 -0.000927747583927 -0.0850897081839
8.3 0.00310621719592 -0.00160130765256 0.441734844001 0.0953885796534 0.0174679325247 -0.0858188491742
8.4 0.00294780380177 -0.0016233898316 0.447126368231 0.0978125000001 0.0362101867655 -0.0866004762779
8.5 0.00278865997797 -0.00158941808247 0.456307128388 0.100840872601 0.0551067242025 -0.0874369442912
8.6 0.00263428852057 -0.00140433483862 0.469288065127 0.10436913325 0.074062238808 -0.0882925161561
8.7 0.00249961630607 -0.0012239652672 0.486056453612 0.108199596655 0.092885080669 -0.0891784374992
8.8 0.00238399866066 -0.00129641163394 0.506555791643 0.112010713665 0.111053784567 -0.0901575557671
8.9 0.00226202863522 -0.00114832789831 0.530619323717 0.115840774831 0.128393481244 -0.0911178818262
9.0 0.00215562326175 -0.000788627143316 0.558044077591 0.119426442188 0.144511257534 -0.0921093059021
9.1 0.00208578612918 -0.000533729788373 0.588545301684 0.122604956689 0.159090944576 -0.0931440655833
9.2 0.00204182039551 -0.000338351692999 0.621774157348 0.125173562481 0.171525596102 -0.0942701790507
9.3 0.00201747820862 -5.19533752881e-05 0.657260627303 0.127287626052 0.181589714372 -0.0953685150721
9.4 0.00202158451345 0.000154336397507 0.694495182563 0.128868099483 0.188924453875 -0.0964672899837
9.5 0.0020459135688 0.000457460380979 0.732901369568 0.12990456009 0.193278621348 -0.0975850938162
9.6 0.00209986649247 0.000669005785969 0.771859405809 0.130503314947 0.194449635802 -0.0986995101781
9.7 0.00217399779977 0.000763539538136 0.810717974752 0.130709120532 0.192200719175 -0.0998290836972
9.8 0.00225641721287 0.000865673940805 0.848787895556 0.130636320474 0.186681381747 -0.100982165274
9.9 0.00234776838626 0.000927069904989 0.885420220891 0.130455989728 0.177895681559 -0.102129599677
10.0 0.00244390507387 0.00102643114491 0.919977442058 0.130313748135 0.165957031357 -0.103259693479
10.1 0.00254855974015 0.00102764144685 0.951854986353 0.130318131676 0.15134863471 -0.104380808487
10.2 0.00265183601657 0.00107791042575 0.980553615603 0.130544961241 0.134317722722 -0.105497489915
10.3 0.00275858809996 0.00106953567563 1.00563037179 0.131000163978 0.115379542244 -0.106633293271
10.4 0.00286296036573 0.00102388859632 1.02674988624 0.131744639641 0.0948238781433 -0.107763727309
10.5 0.0029613309351 0.00092089235321 1.04363825523 0.132676289895 0.0734875196781 -0.108929214374
10.6 0.00304823298032 0.000852765316429 1.05618893168 0.133773719499 0.0515845480112 -0.110112808942
10.7 0.00312749419307 0.000821488898164 1.06433716871 0.135009220059 0.029625723922 -0.111279106547
10.8 0.00320307096858 0.000663142946192 1.06811834465 0.136253374642 0.00818361798774 -0.11244903406
10.9 0.00326259066802 0.000523702012504 1.06767791907 0.137366873503 -0.0124539385092 -0.11363113473
11.0 0.00330836805551 0.000443504123226 1.06321338145 0.138271887038 -0.0316990855606 -0.114806814719
11.1 0.00334667347304 0.000350355805894 1.05503419419 0.138860421875 -0.0496718320074 -0.115974962407
11.2 0.00337649128667 0.000392016262927 1.04341995785 0.138952923122 -0.0657621204196 -0.117186920515
11.3 0.00341142953272 0.000337183149091 1.02876544946 0.138568608363 -0.0799910202174 -0.118391908016
11.4 0.0034418472339 0.000372045861054 1.01145635832 0.137707839593 -0.0920522567566 -0.119569298766
11.5 0.00347662734238 0.000353321872418 0.991934939519 0.136390802527 -0.102104754921 -0.120699979149
11.6 0.00351023273973 0.000323505034653 0.970607428023 0.134469346533 -0.109964705408 -0.121856584834
11.7 0.00354136247393 0.000284305673543 0.947911382595 0.132047567055 -0.115707253113 -0.122999992629
11.8 0.0035688168725 0.00043556787128 0.924266628544 0.12917087871 -0.119448779878 -0.124122228858
11.9 0.00361128513564 0.000439725200532 0.900067082423 0.125917988077 -0.121332464984 -0.125214500126
12.0 0.00365383072236 0.000346370826168 0.875676623665 0.122401817242 -0.121361752615 -0.126265950412
12.1 0.00368669178597 0.000207548290723 0.851457823512 0.118687516745 -0.119628657812 -0.127291263262
12.2 0.00370539900663 0.000148206433573 0.827753787154 0.114948450781 -0.11630798006 -0.128248437338
12.3 0.00371798116523 5.49266703797e-05 0.804873008203 0.111233707822 -0.111496255929 -0.12916038093
12.4 0.00372116825357 6.15890685709e-05 0.78310419409 0.107652737948 -0.105148859768 -0.130024428246
12.5 0.0037250569971 -4.50379607533e-05 0.762744899312 0.104239982834 -0.097515379034 -0.130862173612
12.6 0.00371838525785 -0.000115257417554 0.74404200754 0.10107097165 -0.0887049074309 -0.131677696034
12.7 0.00370486591548 -0.000168165104157 0.72722057354 0.098259694395 -0.0788345691657 -0.132452036827
12.8 0.00368626689586 -0.00013760553879 0.712482559987 0.0957639443651 -0.0679007635748 -0.133236198714
12.9 0.00367093859079 -0.000157620377159 0.700029163542 0.0936723700212 -0.0560689802333 -0.134006102755
13.0 0.00365380257658 -0.000289149972996 0.690028024081 0.0920694592016 -0.0435421277619 -0.134727460996
13.1 0.00362371367276 -0.000229474336721 0.682605650591 0.0908787727777 -0.030484785377 -0.13543654067
13.2 0.00359974428912 -0.000212308963921 0.677853312163 0.0900260634018 -0.0168869345974 -0.136153920668
13.3 0.00357757422389 -0.000214598431321 0.67586199147 0.0894676100693 -0.0030222362976 -0.136887078634
13.4 0.00355525271675 -0.000308528288472 0.676666049078 0.0891771102255 0.0109418079839 -0.137625714804
13.5 0.00352363716014 -0.000297175858221 0.680264989902 0.0892060984173 0.0247884137742 -0.138322054846
13.6 0.00349326815441 -0.00029685847798 0.686614481351 0.0894134168695 0.0382595835976 -0.139011744457
13.7 0.00346302647767 -0.00026654881763 0.695616815392 0.0897284892779 0.0512897037936 -0.139708771807
13.8 0.00343589160835 -0.000312242462439 0.707160470787 0.0900775289145 0.0635557495274 -0.140421914134
13.9 0.00340430723201 -0.000404636323931 0.721069061153 0.0904045453393 0.074804874336 -0.141158203242
14.0 0.00336375211956 -0.000548954558856 0.737116328342 0.0907993777821 0.0848255790066 -0.141854786537
14.1 0.0033092255725 -0.000611876212864 0.755036389343 0.0910604636934 0.0935965319386 -0.142595137602
14.2 0.00324906555947 -0.000647327833428 0.77455931338 0.0913089985712 0.100600789348 -0.143311200366
14.3 0.00318616926806 -0.000651099014977 0.795315890304 0.0915040113581 0.10592118487 -0.144015009279
14.4 0.00312382694606 -0.000545152001516 0.816956549808 0.0915639571855 0.109268490164 -0.144747333043
14.5 0.00307310139468 -0.000525696642435 0.839076896491 0.0915930477106 0.110865235475 -0.14545818111
14.6 0.00302538003907 -0.000511273849299 0.86132204091 0.0915777745194 0.110399510152 -0.146157890633
14.7 0.0029801095342 -0.000361007121775 0.883278821943 0.0915265688863 0.108134706547 -0.146855068066
14.8 0.00295070045744 -0.00035695560959 0.904591053164 0.0913679662507 0.103897529271 -0.14759122317
14.9 0.00292232428145 -0.000177370838232 0.924871503678 0.0911886762334 0.097945424547 -0.148343240093
15.0 0.00291223989044 2.26811090506e-05 0.943789519097 0.0910766786819 0.090348016841 -0.149078332219
15.1 0.00292212916705 0.000161280614928 0.961032975295 0.0910567387632 0.081282996338 -0.149795859818
15.2 0.00294546826523 0.000318600584304 0.976328923543 0.0911073428474 0.0709130297969 -0.150516508537
15.3 0.00298370104089 0.000421187605485 0.98943969963 0.091304962322 0.0595624585862 -0.15121169471
15.4 0.00303094963828 0.000547253866412 1.00019540308 0.0915471491668 0.0475824912937 -0.151929499082
15.5 0.00308931187381 0.0006552145814 1.0084963443 0.0918395362303 0.0350718935754 -0.152655256515
15.6 0.00315685594227 0.000642196759198 1.01426283341 0.0920916405588 0.0224877673696 -0.153413157963
15.7 0.00322146005947 0.00062646238924 1.01750526743 0.0923588538001 0.0097918440035 -0.154158260846
15.8 0.00328296774451 0.000570436570828 1.01822607037 0.092588217843 -0.00257172546602 -0.154895092072
15.9 0.00333755258292 0.000526724116926 1.01651458851 0.0926928212353 -0.0144313134442 -0.155644848332
16.0 0.00338667629923 0.000426582943826 1.01249179852 0.0927462033725 -0.0255533856784 -0.156354277261
16.1 0.00342497368688 0.000453446326314 1.00632398313 0.0925633076628 -0.0357166311013 -0.157098021853
16.2 0.00346534553306 0.000389299682266 0.998217412993 0.0922119239138 -0.0448365912548 -0.157831888313
16.3 0.00349886601276 0.000335968439107 0.988393424477 0.0916957552275 -0.0528309106036 -0.158545477026
16.4 0.00352684067486 0.000291174644503 0.977087427817 0.0909904622296 -0.0596580010399 -0.159250107031
16.5 0.00355025023018 0.000134695592045 0.964540573295 0.0900995863239 -0.0652703678263 -0.159947192824
16.6 0.00355808472382 -9.53790446945e-05 0.951001134153 0.0889633037356 -0.0694690780775 -0.160666871319
16.7 0.00354321657516 -0.000254602152449 0.936753946557 0.087819488067 -0.0722506526625 -0.161292947394
16.8 0.0035129051264 -0.000347010114844 0.922084331711 0.0864031815935 -0.0737642138309 -0.161966414275
16.9 0.00347389905307 -0.000529964027782 0.907242748237 0.0848503873227 -0.0739534942223 -0.162627766832
17.0 0.00341715500416 -0.000699511152369 0.892490374833 0.0832603695161 -0.0728782815341 -0.163248618122
17.1 0.00334408240246 -0.00080737577376 0.878075745799 0.0815119564002 -0.0705646602305 -0.163911180967
17.2 0.00326094416787 -0.000743564386289 0.864239305732 0.0798358927869 -0.0672268245734 -0.164519403607
17.3 0.00318494363157 -0.000875288335065 0.85117977383 0.0782313933152 -0.0627101902524 -0.165100817029
17.4 0.00309662691146 -0.000882319963761 0.839125651885 0.0767295961779 -0.0573083712467 -0.165663689509
17.5 0.00300859590319 -0.000784426225293 0.828245806624 0.0753475256794 -0.0509961961149 -0.166216169308
17.6 0.00293134935276 -0.000634307755958 0.818713259204 0.074108744823 -0.04388165033 -0.166762622174
17.7 0.00287005775589 -0.000572837773327 0.810678562834 0.0730209148935 -0.0361000570341 -0.167310136884
17.8 0.00281584401441 -0.000558254141178 0.80426407957 0.0720877856274 -0.0276989693654 -0.167857076905
17.9 0.00276398123269 -0.000481086220684 0.799581570103 0.0713926050362 -0.0190125682252 -0.168363834493
18.0 0.00272059103564 -0.000375495759288 0.796675925474 0.0708107955826 -0.00983243521845 -0.168888006973
18.1 0.00268831445967 -0.000242109314429 0.795631470669 0.0704073415128 -0.000582577526324 -0.169386710993
18.2 0.00266974625026 -0.000108942241224 0.796447589526 0.0701208890284 0.00872793159165 -0.169882164361
18.3 0.00266467552736 7.81571494285e-05 0.799120801515 0.0698980644813 0.017834081656 -0.170388211936
18.4 0.00267822813945 0.000236669864256 0.803593743766 0.0697368120338 0.0267050510706 -0.170888310076
18.5 0.00270730268496 0.000367630119047 0.809802919674 0.0696210570527 0.0351385362736 -0.171379320367
18.6 0.00274899994068 0.000295774365159 0.81764458447 0.0695166548948 0.0428572144448 -0.171866504913
18.7 0.00278299714628 0.00032435115884 0.826960141768 0.0693790461133 0.0498476345886 -0.172365067757
18.8 0.002819399343 0.00040845573283 0.837589177178 0.0691852310806 0.0559857638912 -0.172879733319
18.9 0.00286384245703 0.000487734835764 0.849347829157 0.0690082306432 0.0610383939276 -0.173372328417
19.0 0.00291591189517 0.000610695100145 0.862008436515 0.0687329255361 0.0648353701604 -0.17390269159
19.1 0.00298001246938 0.000623519721613 0.875310695841 0.0685347155808 0.0675850111931 -0.174385423562
19.2 0.00304517712081 0.000721749337484 0.889040277907 0.0683348498411 0.0690819090333 -0.174864119857
19.3 0.00311993367968 0.00074058692341 0.902943618807 0.0681540240569 0.0692933670243 -0.175337420629
19.4 0.00319625099417 0.000753818471109 0.91676356541 0.0679406113141 0.0682217732047 -0.175832708255
19.5 0.00327346823568 0.000694396203291 0.930245478764 0.0677195095015 0.0659281788595 -0.176335654202
19.6 0.00334415423406 0.000687687866088 0.943149855417 0.0676027228314 0.0624236253324 -0.176798838872
19.7 0.00341341337346 0.000619737874201 0.955243194052 0.0675032106551 0.0579577199771 -0.177271615338
19.8 0.0034749997294 0.000503180540526 0.966343197206 0.0674659813783 0.0525068938572 -0.177730975764
19.9 0.00352398714885 0.000459197484808 0.976265082976 0.0674447282264 0.046377500898 -0.178197258345
20.0 0.00356757154288 0.000488277635772 0.984886276797 0.0674482306325 0.0394916660844 -0.178662391033
20.1 0.00361295039549 0.000440390077224 0.992069852754 0.0674052289877 0.0320272949482 -0.179157602962
20.2 0.0036523838218 0.000366221556419 0.997714725544 0.0674243803822 0.0242080231408 -0.179622522411
20.3 0.00368332568772 0.000203293897042 1.00176617621 0.06735538024 0.0161914425317 -0.180126235433
20.4 0.00369713269029 0.000156820443571 1.00419960302 0.06732846649 0.00805177966911 -0.180596334903
20.5 0.00370575581126 2.69049375997e-05 1.00500654864 0.0672430882253 6.43480471855e-05 -0.181079711928
20.6 0.0037011858716 1.43054072713e-06 1.00423217336 0.0671326039816 -0.00767562482673 -0.181552172339
20.7 0.00369417310639 -0.000193187336074 1.00194012486 0.0669028879151 -0.0151118888062 -0.18205130201
20.8 0.00366810559537 -0.000423744696718 0.998203521713 0.0666821330365 -0.0220369560188 -0.182513423041
20.9 0.00361975673542 -0.000580668852536 0.993137137686 0.0664072176534 -0.0283449880792 -0.182962133966
21.0 0.00355675319485 -0.000678278450775 0.98687492956 0.0660255368083 -0.0339618906143 -0.183424777289
21.1 0.00348517803134 -0.000728989278256 0.979563588727 0.0655226969238 -0.0387136152646 -0.183902460665
21.2 0.00340978000235 -0.0007890193045 0.971382618111 0.0649207135401 -0.04275205314 -0.184379418461
21.3 0.00332959278083 -0.000744511741328 0.962479730437 0.0643052723621 -0.0459476254253 -0.18481623852
21.4 0.00325496070666 -0.000829390435605 0.953027900388 0.0636319751592 -0.0480755046458 -0.185236603483
21.5 0.00317283121967 -0.000809391575116 0.943242790086 0.062811244511 -0.0493081950896 -0.185689152285
21.6 0.00309356433235 -0.000796924934273 0.933302994277 0.061981354257 -0.0496514038684 -0.186115414368
21.7 0.0030161818869 -0.000711689345282 0.923385952193 0.0611333559195 -0.0489993411732 -0.186528182481
21.8 0.00294772954038 -0.00056050794528 0.913688501952 0.0603195463861 -0.0474190705885 -0.186905118129
21.9 0.00289452532433 -0.000513762364382 0.904393009786 0.0594264090826 -0.0451120460277 -0.187313096896
22.0 0.002845864398 -0.000366430847977 0.895639180467 0.058509397137 -0.0419792442482 -0.187734227369
22.1 0.00281157470968 -0.000313747001835 0.887585916697 0.0577181877146 -0.0383548429328 -0.188101038471
22.2 0.0027819932423 -0.000293524964706 0.880325885791 0.0569515131595 -0.0338791655886 -0.188473749271
22.3 0.00275378970461 -0.000267126708468 0.874021695404 0.0562943013882 -0.028824034459 -0.188816380939
22.4 0.00272757751312 -0.000256066900466 0.868781399179 0.0557132142075 -0.0234157023288 -0.189153987965
22.5 0.00270184788045 -0.000264437093307 0.864666706698 0.0551764564743 -0.0175948286466 -0.189501196221
22.6 0.00267472761156 -0.000349430164209 0.86175025426 0.0547151708623 -0.0114152725014 -0.189845441761
22.7 0.00263872720402 -0.000339859234178 0.860093536346 0.0543260455704 -0.00518025069532 -0.190186156978
22.8 0.00260351431444 -0.000306865756857 0.859696925367 0.053956526058 0.00121545049194 -0.190545733988
22.9 0.00257162908522 -0.00022071832034 0.860581004552 0.0537103144465 0.00756613788009 -0.190867191479
23.0 0.00254857430059 -0.000218485894311 0.862726115082 0.0534734534264 0.0137548816321 -0.19120483898
23.1 0.0025261763985 -0.000282237932467 0.866088128595 0.0532534372287 0.0197892084664 -0.191546866031
23.2 0.00249811147388 -0.000323642877074 0.870624811844 0.0530815034403 0.0253137018727 -0.191877562963
23.3 0.00246686327159 -0.00029351087644 0.876223755426 0.0529064929137 0.0304464843046 -0.192215233363
23.4 0.00243975648169 -0.000340838024082 0.882796515455 0.0527406584428 0.0349160787064 -0.192552111251
23.5 0.002409139046 -0.000356417771668 0.890201453315 0.0525888556909 0.0387904464613 -0.192879422608
23.6 0.00237817599022 -0.000342709528465 0.898311880989 0.0524621033652 0.041897434166 -0.193194039272
23.7 0.00234965992847 -0.000169774124902 0.906968216416 0.0522953398648 0.0442062056088 -0.193526503559
23.8 0.00233924241628 5.67188396459e-05 0.916005684757 0.0521757242973 0.0457590031404 -0.193834267058
23.9 0.00235194639695 0.000209564945767 0.925270533018 0.0520321998773 0.046465247414 -0.194155931801
24.0 0.00238005880555 0.000328881302815 0.934591757829 0.0518482474502 0.0462868411237 -0.194495924192
24.1 0.00241985909183 0.000434046309679 0.943792307993 0.0516934799543 0.0451983677289 -0.194821321015
24.2 0.00246961637753 0.000630131715738 0.952692729356 0.051514278178 0.0433047891532 -0.19516487213
24.3 0.00253807188971 0.000767841886434 0.961135832216 0.0514055025842 0.0407540237866 -0.195480328414
24.4 0.00261904247982 0.000805017113027 0.968996465838 0.0512877900197 0.0375287530878 -0.195809711556
24.5 0.00270231124931 0.000768041565037 0.976146475327 0.0512144133399 0.033673572355 -0.196124375616
24.6 0.00278044015368 0.000710187237857 0.982468384177 0.0511956041548 0.0294034957355 -0.196419973187
24.7 0.0028513978433 0.000640991490468 0.9878886817 0.0511429672123 0.0244961821385 -0.196736238689
24.8 0.00291419007104 0.000689658491813 0.992289397128 0.05114118444 0.0192997920196 -0.197030950473
24.9 0.00298069882409 0.000604213454531 0.995623793523 0.0511068559112 0.0139707636648 -0.197342546546
25.0 0.00303763263806 0.000563347406972 0.997875687249 0.0510151655925 0.00850226168615 -0.19767704499
25.1 0.00308968418187 0.000635583261299 0.999027213073 0.0509540240821 0.00304226861978 -0.197985212756
25.2 0.00314833608995 0.000567276437169 0.999090873656 0.0508381047004 -0.00219860079195 -0.198306894309
25.3 0.00319971590653 0.00052712358378 0.998119934436 0.0507007514807 -0.00735592459264 -0.19862075557
25.4 0.00324689808536 0.000345295286487 0.996140348366 0.0505404537997 -0.0123689656999 -0.198924810051
25.5 0.00327604828291 0.000269496368421 0.993189812222 0.0503565126586 -0.0169585986844 -0.19921843587
25.6 0.00329810114974 0.000276818676619 0.989361042615 0.0501337612506 -0.0211315149059 -0.199504200716
25.7 0.00332154200509 0.000208888971357 0.98474423946 0.0498543529788 -0.0248442675413 -0.199789878219
25.8 0.00333897920823 0.000177513711336 0.979437218592 0.0494993138724 -0.0279703504307 -0.20008766542
25.9 0.00335416986432 0.000222711600109 0.973561798447 0.0490581667957 -0.0305457120284 -0.200401259455
26.0 0.00337472711315 0.000256892621391 0.967231340412 0.0486378708513 -0.0325406339949 -0.200678760683
26.1 0.00339944171041 0.000142910085795 0.960565190084 0.0481395726866 -0.0338956388721 -0.200973677779
26.2 0.00341342268162 0.000138731534227 0.95369249236 0.0476162038937 -0.0345190683596 -0.201263117024
26.3 0.00342754387861 9.35689595692e-05 0.946760002717 0.0471255638765 -0.0345155318837 -0.201521127987
26.4 0.00343751323076 2.86140087543e-05 0.939892957052 0.0465908172026 -0.0337376112236 -0.201791960179
26.5 0.00344115446999 8.22247352301e-05 0.933244094048 0.0460691478766 -0.0322765781075 -0.202051092453
26.6 0.00345008878553 8.61067386427e-05 0.926947155402 0.0455555382382 -0.0303287292873 -0.202303406874
26.7 0.00345908411865 0.000149044621019 0.921095555249 0.0450877813919 -0.0279423159862 -0.202533641337
26.8 0.00347384226679 0.000255422037221 0.91577272886 0.0445584338152 -0.0250259476612 -0.202800389288
26.9 0.00349853904583 0.000386702848286 0.911078549394 0.0441018673714 -0.0216930181565 -0.203040334293
27.0 0.00353550874447 0.000320988607512 0.907090885069 0.04365276021 -0.0180461130523 -0.203292048566
27.1 0.00356501520897 0.000305889693011 0.903865854049 0.0432321547607 -0.0141255529146 -0.203545414549
27.2 0.00359219249548 0.000268786371015 0.901451401564 0.0428437487578 -0.0098590068328 -0.203806038798
27.3 0.00361493543062 0.000156551849441 0.899909526628 0.0426102750728 -0.00551908903563 -0.204012209783
27.4 0.00362587391616 5.4988931326e-05 0.899248696212 0.0423332880426 -0.000970893696347 -0.204267533538
27.5 0.00362624575987 6.63170520272e-05 0.899502064218 0.0421694582089 0.00347886052272 -0.204487832255
27.6 0.00362744415698 5.33860782298e-06 0.90064282912 0.0420588403301 0.0078614596532 -0.20470031661
27.7 0.00362229343179 -0.000129640536558 0.902649925599 0.04196494157 0.0121257947646 -0.204918676617
27.8 0.00360351539227 -0.000212722882544 0.90549182689 0.041906557761 0.0160961291408 -0.20513095744
27.9 0.00357646057236 -0.000367887220037 0.909102276339 0.0418205871483 0.0198986207747 -0.205359866619
28.0 0.00353412004161 -0.000561600912353 0.91343995463 0.041728789538 0.0232214112637 -0.205592050195
28.1 0.00347288414633 -0.000743970637469 0.918401889542 0.0416223922353 0.0262097649261 -0.205824636125
28.2 0.0033941089899 -0.000851118934797 0.923914732747 0.0415149311422 0.0286683026573 -0.206046283392
28.3 0.00330546078156 -0.000983766217228 0.92986706522 0.0414084475237 0.0305055654155 -0.206256271232
28.4 0.00320451568499 -0.000976372273696 0.936130483653 0.0412866614764 0.0317990985125 -0.206465832362
28.5 0.00310532449129 -0.000966068090612 0.942593239016 0.0411564583123 0.0325487525134 -0.206673648555
28.6 0.0030081406841 -0.000922002661064 0.949144756653 0.0410090490453 0.0325874530111 -0.206883448223
28.7 0.00291629595928 -0.000957493627395 0.955642345312 0.0408277858738 0.0319878925129 -0.207108347673
28.8 0.00282179326015 -0.000916653271845 0.961959271197 0.0406883966046 0.0308432352079 -0.207316546171
28.9 0.00273224941891 -0.000768389461755 0.967989473828 0.0405547660045 0.0292070138693 -0.207526562383
29.0 0.00265830825061 -0.000772691814365 0.973638315463 0.04046420471 0.0269465623322 -0.207722485527
29.1 0.00258459307064 -0.000730281344797 0.978786088111 0.0403686534198 0.0243357708501 -0.20792673365
29.2 0.00251571297506 -0.000581515065674 0.983368388089 0.0403064341545 0.0213174459366 -0.208124749813
29.3 0.00246216012441 -0.000576043397391 0.987310473491 0.0402552886281 0.0178979665872 -0.208325276254
29.4 0.00240947482907 -0.000445740307277 0.990539356861 0.0402053646827 0.0141389274399 -0.208533035746
29.5 0.0023700167724 -0.000311744717042 0.992994836923 0.0401690862875 0.0103850336858 -0.208738153349
29.6 0.0023439646273 -0.00024262000788 0.994685847666 0.0401580563155 0.00643167740745 -0.208929387585
29.7 0.00232466869088 -6.56800677457e-05 0.995580413943 0.0401384943441 0.00241845897753 -0.209118238816
29.8 0.00232275400855 -7.98465473387e-05 0.995674185142 0.0401271253366 -0.00143503550496 -0.209294167211
29.9 0.0023190479677 9.47691722472e-05 0.995006610086 0.0400086573536 -0.00523069537743 -0.209511813402
30.0 0.00233240166325 0.000114864382326 0.993595281378 0.0398855124248 -0.00876564713476 -0.209720777816
30.1 0.00234736130358 0.000243346669781 0.991498978671 0.0397421873739 -0.0120614782433 -0.209926646492
30.2 0.00237482205968 0.000348888370504 0.98877129276 0.0395689223526 -0.015177651425 -0.210129872826
30.3 0.00241251554999 0.00032641095139 0.985453309153 0.0393580600221 -0.0177092413904 -0.210335270065
30.4 0.00244773671458 0.000348819392527 0.981666201607 0.039101594031 -0.0199011486325 -0.210546101314
30.5 0.00248506923408 0.000411258646944 0.977481187262 0.0388790715342 -0.0217376757626 -0.21072570556
30.6 0.00252854447876 0.000466162266392 0.972972724231 0.0386480988129 -0.023144937232 -0.210894554355
30.7 0.00257741173192 0.000464200142714 0.968228855691 0.0383553347662 -0.0239047957094 -0.211082008782
30.8 0.00262596217072 0.000491757428839 0.963379607028 0.0380227312548 -0.0242602661816 -0.211275157365
30.9 0.00267709846131 0.000404566985351 0.958505473044 0.0377241218177 -0.0243045825901 -0.211434805802
31.0 0.00271931088848 0.000517246748835 0.95366854362 0.0373953223608 -0.023913968297 -0.211602699496
31.1 0.0027724841875 0.000610517749431 0.948954476239 0.0370448951292 -0.0230552990819 -0.211776880494
31.2 0.0028344987767 0.000698461935599 0.944454895922 0.0367217948817 -0.0216470566786 -0.211937248416
31.3 0.00290467028091 0.000712359706876 0.940277308323 0.0363438436636 -0.0200594500743 -0.212125579899
31.4 0.00297551200919 0.00074312173123 0.93645371071 0.0360623160379 -0.0179902108125 -0.212268402513
31.5 0.00304866782715 0.000788103142362 0.933077626831 0.035798810129 -0.0157459623461 -0.21241051544
31.6 0.0031255261951 0.000776054665075 0.930179954884 0.0355116735711 -0.0130868576988 -0.212574026906
31.7 0.00320040760922 0.000798336818372 0.927838702589 0.0352607766916 -0.0101781998371 -0.212732476866
31.8 0.0032767914838 0.000799168336908 0.926098815822 0.0350431107005 -0.00718349108401 -0.212885776929
31.9 0.00335257084137 0.000739152145053 0.924972195695 0.0348967636852 -0.00395077210415 -0.213014856905
32.0 0.00342170093929 0.000775091243384 0.924501271045 0.0347639303384 -0.000648070259722 -0.213149393938
32.1 0.00349380617565 0.000625870374649 0.924693966055 0.0346222329973 0.0025946842186 -0.213297877872
32.2 0.00355043568181 0.000408201629379 0.925531977569 0.0344855559253 0.0057212407108 -0.213452363588
32.3 0.00358488547572 0.000236570160883 0.926986031742 0.0343663992284 0.00871565301291 -0.213603321129
32.4 0.00360188671927 8.44634714351e-05 0.929024030922 0.0342461089418 0.0115910265334 -0.213759289719
32.5 0.00360349628213 -8.68843726424e-05 0.93161663035 0.0341614411461 0.0141496574164 -0.213902863899
32.6 0.00358791250847 -0.000237846872753 0.934695770597 0.0340931862995 0.0164248525287 -0.214041625228
32.7 0.00355728908781 -0.000404553756588 0.938200577612 0.0340244059201 0.0184950354119 -0.214187937653
32.8 0.0035101977748 -0.000528581147866 0.942086183523 0.0339534010888 0.0201460710836 -0.214338770675
32.9 0.00345107533179 -0.000737592098419 0.946265571418 0.033919500838 0.0213886960306 -0.214477856863
33.0 0.00337162759707 -0.000803668099377 0.950655030135 0.0338817169127 0.0222449321659 -0.214619864894
33.1 0.00328636088171 -0.00089315357747 0.955175541992 0.0338559875755 0.0226982437854 -0.214755722844
33.2 0.00319308645448 -0.000970885610687 0.959745649787 0.0337982545135 0.0227584951765 -0.214904269663
33.3 0.00309312602816 -0.00101663289961 0.964286061568 0.0337452576124 0.0224936799176 -0.215042625128
33.4 0.00298980772529 -0.00106678079786 0.968732201937 0.0337090670109 0.0218512388452 -0.215168229955
33.5 0.00288276956311 -0.00101437404673 0.973009844958 0.0336649006477 0.0206881454063 -0.215293072774
33.6 0.00278228870315 -0.000926528961134 0.977016873958 0.0336001489395 0.0192853426342 -0.215426745297
33.7 0.00269183450912 -0.000838596572653 0.980707902365 0.0335135137914 0.017424984544 -0.215565055067
33.8 0.00261128688507 -0.000762370335067 0.983994632254 0.0334429635958 0.0152776488665 -0.215691731948
33.9 0.00253932370423 -0.00067640238956 0.986824112693 0.033354631911 0.0128784651308 -0.215827373027
34.0 0.00247673492738 -0.00047843688389 0.989150648109 0.0332479159518 0.0102665328814 -0.215973070721
34.1 0.00243448459633 -0.00033182739131 0.990936761057 0.0331938586447 0.00747005223078 -0.216092167788
34.2 0.00240719072529 -0.000178167760786 0.992151748036 0.0331288140227 0.00461080625791 -0.216220037469
34.3 0.0023953237684 -5.26318820122e-05 0.992788697265 0.0330725544671 0.00181294157492 -0.216340438126
34.4 0.00239583942934 0.000153972218628 0.99286554977 0.0329970549179 -0.000961246695861 -0.21646661464
34.5 0.00241661416828 0.000191215051066 0.992392290753 0.0329033463851 -0.00372769947252 -0.216598710109
34.6 0.00244055008995 0.000295014005232 0.991375617576 0.0328055821128 -0.00640875093249 -0.216728312398
34.7 0.00247421271591 0.000278969673069 0.989837779002 0.0327315919307 -0.00885892107433 -0.216843126566
34.8 0.00250558077182 0.000414595841266 0.987829974287 0.0326393249178 -0.0110169263096 -0.216960940115
34.9 0.0025498018503 0.000445477999213 0.985414614832 0.0324771215428 -0.0129235319394 -0.21710756799
35.0 0.00259640295556 0.000519621005776 0.982644958637 0.032351367212 -0.01466729738 -0.217233701836
35.1 0.00264976112794 0.000621735345566 0.979557169686 0.0321906997434 -0.016011095692 -0.217372443105
35.2 0.00271273403026 0.000636228108321 0.976233401275 0.0320659682434 -0.01705161387 -0.21748507849
35.3 0.00277667406228 0.000548783256499 0.972736417387 0.0319472865283 -0.0178033244854 -0.217587030742
35.4 0.00283155080346 0.000568930709273 0.969125132175 0.0317999972154 -0.0181799266552 -0.217693791531
35.5 0.00288826324531 0.000502229753502 0.965474609544 0.031631176355 -0.0182699662814 -0.217799594074
35.6 0.00293825191961 0.000593037335491 0.96184161235 0.0314414931757 -0.0177475109558 -0.217905549617
35.7 0.0029973198304 0.000583233566922 0.958347220294 0.0312073443668 -0.0170832794636 -0.218023387539
35.8 0.00305536359518 0.000610391987847 0.955017486245 0.0309607914681 -0.0160166081806 -0.218140761351
35.9 0.00311599493107 0.000640229689377 0.95193052076 0.0307349825754 -0.014753884417 -0.218243848674
36.0 0.00317934633183 0.000623014396918 0.949123107292 0.0305331013079 -0.0131553856396 -0.218336809161
36.1 0.00324061088437 0.000575483953395 0.946659654607 0.0303220497322 -0.0113707122213 -0.218438987699
36.2 0.00329670040732 0.000502133304525 0.944573952983 0.0301086936726 -0.00939955578725 -0.218550440486
36.3 0.00334503427916 0.000387389911003 0.94289969953 0.0299112195712 -0.00721462259629 -0.21866451437
36.4 0.00338150769037 0.000310785927605 0.941675959234 0.0297933764892 -0.00505425377349 -0.218751348602
36.5 0.00340996378826 0.00028554263564 0.940894591145 0.0296664779574 -0.00283260607606 -0.218853011424
36.6 0.00343555797105 0.000236675985274 0.940563628249 0.0295354268897 -0.000505006036516 -0.218964723178
36.7 0.00345593957235 0.000217004273544 0.940699977324 0.0294243652097 0.00182801057673 -0.219076370036
36.8 0.00347401548777 0.000290416795528 0.941300571921 0.0293633619205 0.00423657643788 -0.219170172431
36.9 0.00349905525622 0.000265939599456 0.942376562879 0.0292994674136 0.00651020014375 -0.219271478947
37.0 0.00352125935897 0.00015292924365 0.943896559314 0.0292648784499 0.00856484814934 -0.219364384328
37.1 0.0035318252705 0.000153925663836 0.94581295446 0.0292098399063 0.0104057606693 -0.219468511028
37.2 0.0035422025889 0.000106892259442 0.948079180693 0.0292026664906 0.0121929410954 -0.219553741042
37.3 0.00354763274577 -1.851812688e-05 0.950681558748 0.0291676259941 0.0136201159407 -0.219651247471
37.4 0.00354041274187 -5.98957952754e-05 0.953544780265 0.0291850633171 0.0149134458182 -0.219722672724
37.5 0.00352908994052 -9.38368215623e-05 0.956640110649 0.0291683718994 0.0158683151799 -0.219810395599
37.6 0.00351447654063 -0.000163485527242 0.959897442214 0.0291117756928 0.0165247818988 -0.219915127702
37.7 0.00349306589261 -0.00022450924005 0.963255203877 0.0290778735236 0.016873139812 -0.220003855005
37.8 0.00346581920381 -0.000412342304719 0.966651139038 0.0290522341735 0.0168508042323 -0.220084620664
37.9 0.00342023181121 -0.000459053485071 0.970011045836 0.0290171958399 0.0164429988381 -0.220167105853
38.0 0.00337058953099 -0.000463741798608 0.973258395339 0.0289631575022 0.0158102748642 -0.220257386855
38.1 0.00332116252069 -0.000627701050186 0.976349259673 0.0289470124279 0.0148836921772 -0.220325602853
38.2 0.00325611264777 -0.000667177312621 0.97922699437 0.0288977395035 0.0138261738923 -0.220407730518
38.3 0.00318794937575 -0.000696224621439 0.981867253688 0.0288227379212 0.0124811199717 -0.220500840925
38.4 0.00311766920712 -0.000649327891013 0.984214909502 0.028770174349 0.0108546918078 -0.220582778454
38.5 0.00305279060081 -0.000610535687161 0.986217130504 0.0286871124188 0.00920891835862 -0.22068032324
38.6 0.00299239372591 -0.000627969012804 0.987873271983 0.0286354955562 0.00728279647518 -0.220764138682
38.7 0.00293078477125 -0.000603516759926 0.989131420617 0.0285582026188 0.00525073897867 -0.220863349966
38.8 0.00287209597472 -0.000502102494609 0.989974361468 0.0284842398262 0.00315410618675 -0.220964995716
38.9 0.00282390405114 -0.000455398962076 0.990393566762 0.0284388256789 0.000908580806907 -0.221055200567
39.0 0.00278061366604 -0.000467458699149 0.990363985927 0.0284401616473 -0.00113255124766 -0.221122283885
39.1 0.00273629777151 -0.000602216646669 0.989931218898 0.0284360989378 -0.00311234086196 -0.221190484386
39.2 0.002678739396 -0.00047932232602 0.989111360245 0.0284331611435 -0.00507248756992 -0.221255350218
39.3 0.00263372579559 -0.000406956273434 0.987912072532 0.0283939440146 -0.00692755413646 -0.221334792334
39.4 0.00259616088272 -0.000339954695823 0.9863575055 0.0283472382556 -0.00855615301404 -0.221412511751
39.5 0.00256552429376 -0.000321897930559 0.984495968784 0.0282352894421 -0.00994786606027 -0.221516631832
39.6 0.00253695438438 -0.000196636041966 0.98237665772 0.0281394153841 -0.0111038459337 -0.221602213958
39.7 0.00252115434674 -0.000129481688373 0.980048852522 0.0280516020091 -0.0120517977898 -0.221675283138
39.8 0.00251226658975 -4.70798373999e-05 0.977555824321 0.027934903565 -0.0126646094282 -0.221756139201
39.9 0.00251179904175 3.26372254433e-05 0.974965342024 0.0278287678976 -0.0132317545312 -0.221824289212
40.0 0.0025194697834 0.000137701478648 0.972287336952 0.0276955539734 -0.0134021511542 -0.221900928445
40.1 0.00253771951976 0.000245789729695 0.969601181819 0.0275309403932 -0.0133000590254 -0.221988944373
40.2 0.0025666912989 0.000349508819028 0.966960675063 0.027416351181 -0.0129970763094 -0.222046931904
40.3 0.00260581584452 0.000454431526282 0.964405696739 0.0272665253361 -0.0124847347069 -0.222119823677
40.4 0.00265508667252 0.000518142438669 0.961976572315 0.0271219748466 -0.011670273023 -0.222186694694
40.5 0.00271028152664 0.000731183910268 0.959732087532 0.0269655747561 -0.0106746800993 -0.222256446633
40.6 0.00278618072663 0.000770470992034 0.957706208954 0.0268134986908 -0.0094477401993 -0.222321421489
40.7 0.00286526616972 0.000741469359254 0.955942890523 0.0266730569719 -0.0080791539006 -0.222384499665
40.8 0.00294069912105 0.00079101609446 0.95446800716 0.0265312433916 -0.00655898260121 -0.222453739121
40.9 0.0030203248957 0.00089358879286 0.953309039148 0.0264591497296 -0.00507145203443 -0.222493186353
41.0 0.00310937160914 0.000839228204498 0.952457245215 0.0263607924457 -0.00347379889838 -0.222551295905
41.1 0.00319210362198 0.000755659805642 0.951931432735 0.0262644254371 -0.00173328172484 -0.222614184886
41.2 0.0032656487743 0.000708737146769 0.95175701835 0.0261934715786 -3.5307897428e-05 -0.222670049767
41.3 0.00333373052591 0.000614095631066 0.951922522418 0.0261241546571 0.00171993343333 -0.222731507982
41.4 0.00339163447171 0.000507747120713 0.952436193665 0.0261134182053 0.00332527591337 -0.22276934275
41.5 0.00343826641526 0.000348493155881 0.953265586132 0.0260766957697 0.00486442616477 -0.222827791401
41.6 0.00346843133632 0.000282280409913 0.954394384442 0.0260645741392 0.00634124360269 -0.222880485037
41.7 0.00349152893608 0.000211799179247 0.9558076016 0.0260065698686 0.00776627340104 -0.222958755592
41.8 0.00350722079537 9.13942410242e-06 0.957491757138 0.0259716454745 0.00908216543832 -0.22302917428
41.9 0.0035024728798 -0.000118321185006 0.959422754051 0.025956724693 0.0102414406477 -0.223091349496
42.0 0.00348501525505 -0.000285287123384 0.961567214589 0.0259887105967 0.0110011955455 -0.223131264192
42.1 0.00345107505297 -0.000426526597841 0.9638439699 0.0259958003729 0.0116231467138 -0.223182920707
42.2 0.00340340381816 -0.000629634387973 0.966223976996 0.026002828882 0.011966030061 -0.223233289369
42.3 0.00333602455769 -0.000793327771988 0.968650575633 0.0259801243765 0.0122160700887 -0.223295754435
42.4 0.00325309468519 -0.000815878632515 0.97110439839 0.0259653194271 0.0121982274785 -0.223351019724
42.5 0.00316882965769 -0.00077584822513 0.973531800792 0.025967015137 0.0118494734262 -0.223394418109
42.6 0.00308948601757 -0.000764038622599 0.975867263245 0.0259512998456 0.0114804107472 -0.223444842403
42.7 0.00301220174922 -0.000785202469339 0.978107377725 0.0259246410304 0.0108896683132 -0.223497387813
42.8 0.00293364208114 -0.000780425670636 0.980208807334 0.025880602554 0.00992177610624 -0.223558006702
42.9 0.00285638106264 -0.000745099410685 0.982097756376 0.0258516128822 0.00894671759495 -0.223613269103
43.0 0.00278342176996 -0.000608627455045 0.983775130505 0.0258352696183 0.00772225710633 -0.223663043706
43.1 0.00272475011478 -0.000535591090925 0.985193603045 0.0257852643678 0.00629771225425 -0.223731461622
43.2 0.00267389530388 -0.00026758128825 0.986315736101 0.0257477287918 0.00485121314945 -0.22379742877
43.3 0.00265016435303 -0.000299813693654 0.987140381994 0.0257472557518 0.00341995050102 -0.223847685057
43.4 0.00262339319285 -0.000207569285114 0.987673890445 0.0257016392092 0.00200944160505 -0.223917420547
43.5 0.00260596464999 -0.000281259156916 0.987922736517 0.0256637669091 0.000495898712686 -0.223980652107
43.6 0.00258125754661 -0.000196679523534 0.987869230056 0.0256177907367 -0.00104877435472 -0.224045070783
43.7 0.00256507932539 -0.000145618770862 0.987510064071 0.0255975595406 -0.00258542852569 -0.224096051978
43.8 0.00255400506422 -9.70913902321e-05 0.986850050124 0.0255799912799 -0.00395883721487 -0.224142061766
43.9 0.00254776622835 -0.000107624215119 0.985924549953 0.025515322508 -0.00528772804082 -0.224207463613
44.0 0.00254047954563 -5.86245517396e-05 0.984744424554 0.0254584251383 -0.00638468213711 -0.224264495842
44.1 0.00253811389315 -6.6648482239e-05 0.983358239555 0.02540973437 -0.00729803436092 -0.2243116207
44.2 0.00253498477315 -2.8670500334e-05 0.981804473 0.0253148720028 -0.0082063432372 -0.224377254633
44.3 0.00253573570185 1.49887012596e-05 0.980085218971 0.0251902468572 -0.00884008593999 -0.22445563729
44.4 0.00254093541132 8.08196317015e-05 0.978256471856 0.0251153433664 -0.00932251077747 -0.224510323685
44.5 0.00255277474504 0.000176545597796 0.97634995811 0.0250430323431 -0.00973247164563 -0.224563576103
44.6 0.00257417897651 0.000150084915816 0.974380981591 0.0250040019936 -0.00983796952145 -0.224603182703
44.7 0.00259286795456 0.000302100746171 0.972411126414 0.0249288628677 -0.00973813765572 -0.224660274818
44.8 0.00262659677542 0.000334488308737 0.970480816229 0.0248690304221 -0.00951125997987 -0.224706765745
44.9 0.00266329044152 0.000379571537305 0.968614942616 0.0248071315732 -0.00912473500755 -0.224750164592
45.0 0.0027041535226 0.000372147468366 0.966844413944 0.0247286061556 -0.00855330131925 -0.224796699745
45.1 0.00274389276917 0.00047251039472 0.965204757642 0.0246488331629 -0.00782651585138 -0.224841175216
45.2 0.00279322744593 0.000507670426148 0.963725441136 0.024545739138 -0.00681174108285 -0.22489391996
45.3 0.00284555860251 0.000534467939581 0.962461863394 0.0244357626333 -0.00573640574679 -0.224949359745
45.4 0.00290001179979 0.000620522391009 0.961423832061 0.024342669842 -0.00454875850293 -0.224996164568
45.5 0.00296248237089 0.000657003436401 0.960631585518 0.0243025927227 -0.00328859606613 -0.225015614911
45.6 0.00302799616175 0.000730711838891 0.960097634262 0.0242214317534 -0.00204696365057 -0.225056292565
45.7 0.00310026165667 0.000730409253313 0.959815307324 0.0240999993828 -0.000760067748951 -0.225117358027
45.8 0.00317187472003 0.000651249268205 0.95979069543 0.0240113732087 0.000513949577411 -0.225162146169
45.9 0.00323499879803 0.000646588958201 0.960019105556 0.0239611390292 0.00174515217038 -0.225192351227
46.0 0.00329714495371 0.00045805380665 0.960490101726 0.0239458948951 0.00292660849678 -0.225211396399
46.1 0.00334003730746 0.000360509719772 0.961191907675 0.0238963258395 0.00407273877914 -0.225251667139
46.2 0.0033728856481 0.000322238773289 0.962115013834 0.0238362534233 0.00506269566108 -0.225301735126
46.3 0.00340166031054 0.00017942544403 0.963226209617 0.0238344820267 0.00598572654303 -0.225327434334
46.4 0.00341598004889 9.80452453652e-05 0.964511140014 0.0238199644708 0.00678410464031 -0.225366938153
46.5 0.00342205563563 -2.32795262251e-05 0.965943406366 0.0238370029892 0.00747295322818 -0.22539696801
46.6 0.0034159488625 -0.000206961835562 0.967500222155 0.02388451742 0.0080222930872 -0.225414472682
46.7 0.00339152623677 -0.000277543855433 0.969152922609 0.0239241674483 0.00840745815139 -0.225435743058
46.8 0.00336018911625 -0.000371148933588 0.970867773731 0.0239065673181 0.00865780182207 -0.225484753772
46.9 0.00331971597852 -0.000441054175449 0.972616641759 0.0239327148827 0.00881715159839 -0.225508302749
47.0 0.00327256205495 -0.000497036565159 0.974381317709 0.0239091868763 0.00882452164171 -0.225550945499
47.1 0.00322022928869 -0.000550992175342 0.976130722719 0.0238549713368 0.00862747014448 -0.22560549065
47.2 0.00316302552884 -0.000614478420034 0.977823908189 0.0238286748021 0.00831765000553 -0.225643785835
47.3 0.0031000713166 -0.000731279970612 0.979439195264 0.0238052947714 0.00781016514934 -0.225678853608
47.4 0.00302614822396 -0.000684199361231 0.980938009687 0.0237861220912 0.00704547049183 -0.225711135322
47.5 0.00295772030202 -0.000641184877428 0.982270379551 0.0237686750306 0.00627718423144 -0.225743208494
47.6 0.00289434924676 -0.000607398624196 0.983437386719 0.0237166270964 0.00529799825029 -0.225796664504
47.7 0.00283504815451 -0.000597905669313 0.984398525793 0.0236803517183 0.00418944280291 -0.225845936612
47.8 0.00277733598463 -0.000539128423653 0.985130433463 0.0236582375971 0.00306572429858 -0.225892220529
47.9 0.0027260692826 -0.000445449820572 0.985632779441 0.0236998264459 0.00197037213573 -0.225913951161
48.0 0.0026846328516 -0.000478389985619 0.985914326706 0.0237180548969 0.000801878783708 -0.225949963437
48.1 0.00264028960024 -0.000456927476904 0.985962537044 0.0237225888318 -0.000202021242309 -0.225992977293
48.2 0.00259844630051 -0.000317045157473 0.985812304472 0.0237397019122 -0.00132724869354 -0.226027381256
48.3 0.00257085026165 -0.000209444286056 0.985441441139 0.0237789091993 -0.0024000602664 -0.226046024235
48.4 0.00255415596685 -0.000122910365064 0.984862543485 0.0237478993091 -0.00335784594 -0.226092113296
48.5 0.00254617543701 -0.000165427419626 0.984099517254 0.023737508312 -0.00419848327398 -0.226118352077
48.6 0.00253398980655 -9.84380313569e-05 0.983177357433 0.0237178870637 -0.00499228974098 -0.226140419899
48.7 0.00252854473347 7.31988065741e-05 0.982106538669 0.0236339036899 -0.0057175573314 -0.226186273736
48.8 0.00254020292599 0.000182932855182 0.980901280487 0.0235712474738 -0.00623684668244 -0.22621611247
48.9 0.00256265889683 0.000288712141834 0.979603941541 0.0235073312597 -0.00674818448793 -0.226242230852
49.0 0.00259543086707 0.000391304398821 0.97821689672 0.0234375370193 -0.00711643502326 -0.226269242747
49.1 0.0026380950708 0.000402206262158 0.97676931681 0.0233249257156 -0.00726756691202 -0.22631328135
49.2 0.00268140638029 0.000461254309639 0.975304467693 0.0232093377641 -0.0073138375045 -0.226356883211
49.3 0.00273012731618 0.000484223884584 0.97384338117 0.0231322475962 -0.00717498838128 -0.226383251242
49.4 0.00278059689196 0.00049126321884 0.972423318671 0.0230642937196 -0.00704453229208 -0.226406645132
49.5 0.00283120332261 0.000572060137411 0.971042364819 0.0229829160586 -0.00678461107227 -0.22643867596
49.6 0.00288928889478 0.000419699715256 0.96972588416 0.0228999148417 -0.00623972466696 -0.226475297152
49.7 0.00293161098276 0.000360420584132 0.96853009573 0.0228351971965 -0.00576369247798 -0.22650728412
49.8 0.00296761241161 0.000301994032474 0.967440476957 0.0227449636872 -0.00515789760027 -0.226557356148
49.9 0.00299744838331 0.00034276667005 0.966481709276 0.0227147157357 -0.00435734354022 -0.226581300709
50.0 0.00303108498185 0.000323091332898 0.9656920056 0.0226802570689 -0.00342162555007 -0.226611477788
